Node Count : 
24 21 13 8 4 
Weights : 
+0.51 -0.86 +0.98 +0.99 -0.49 -0.76 +0.69 +0.06 -0.23 -0.83 -0.88 +0.59 +0.81 +0.90 -0.47 +0.08 -0.11 +0.86 +0.19 +0.09 +0.95 
+0.89 +0.59 +0.61 +0.96 +1.00 -0.22 +0.41 +0.05 -0.76 +0.41 -0.26 -0.27 +0.53 +0.68 -0.66 +0.68 +0.07 -0.87 +0.11 +0.30 -0.10 
+0.94 +0.36 -0.87 -0.39 +0.70 +0.73 +0.51 +0.10 +0.74 +0.65 +0.31 -0.63 -0.70 +0.29 +0.59 +0.02 -0.25 -0.55 +0.45 +0.14 +1.00 
+0.15 -0.14 -0.95 +0.79 +0.22 +0.68 -0.48 -0.81 +0.20 +0.98 +0.43 -0.25 -0.78 +0.72 +0.59 +0.80 +0.25 +0.18 +0.02 -0.05 +0.57 
-0.98 +0.34 +0.44 -0.86 -0.02 -0.23 +0.25 +0.59 +0.23 +0.33 +0.07 -0.69 +0.33 +0.78 -0.69 +0.13 +0.54 +0.29 +0.47 +0.05 +0.02 
-0.02 +0.48 -0.17 -0.82 -0.38 -0.79 -0.40 -0.90 +0.12 +0.32 -0.82 +0.20 -0.25 -0.00 +0.59 +0.18 +0.95 -0.91 -0.79 +0.48 +0.22 
+0.96 -0.45 -0.93 -0.68 +0.11 -0.74 -0.58 +0.90 -0.26 -0.60 +0.26 +0.40 +0.68 -0.78 +0.56 +0.36 +0.92 +0.69 +0.25 +0.38 -0.97 
+0.72 -0.02 -0.52 -0.20 +0.81 -0.29 +0.32 +0.92 -0.92 +0.63 -0.60 +0.96 -0.95 -0.01 +0.83 +0.10 +0.39 -0.79 -0.70 +0.69 -0.21 
-0.65 +0.16 +0.99 -0.96 -0.96 +0.34 +0.03 -0.34 +0.49 +0.53 +0.02 +0.66 +0.15 -0.24 +0.78 -0.69 -0.82 +0.89 +0.40 +0.85 +0.08 
+0.41 -0.13 -0.40 +0.59 -0.73 +0.97 +0.64 +0.02 -0.52 +0.51 +0.59 -0.34 -0.25 -0.66 +0.73 -0.79 -0.54 +0.63 -0.53 +0.36 +0.94 
+0.40 -0.10 +0.09 +0.25 +0.86 +0.01 -0.99 -0.54 -0.68 -0.25 -0.07 -0.58 -0.81 +0.03 +0.49 -0.77 +0.94 +0.32 -0.11 -0.78 -0.29 
-0.39 -0.53 +0.21 -0.17 -0.81 +0.39 +0.56 -0.66 -0.11 -0.77 +0.41 -0.64 +0.32 +0.78 -0.06 +0.07 -0.15 +0.60 +0.39 +0.55 +0.21 
+0.56 -0.93 +0.57 +0.94 -0.06 +0.05 +0.19 -0.27 -0.05 -0.13 +0.55 -0.31 -0.78 +0.44 +0.04 -0.06 -0.75 +0.00 -0.54 -0.97 -0.83 
+0.07 -0.80 -0.34 -0.12 +0.53 -0.45 -0.58 +0.64 -0.64 +0.42 -0.81 +0.05 -0.50 -0.13 -0.46 -0.91 +0.80 -0.22 -0.79 -0.11 +0.24 
-0.27 +0.85 +0.13 -0.49 +0.43 -0.77 -0.12 +0.32 +0.11 -0.35 -0.93 +0.99 +0.76 +0.57 +0.92 -0.26 +0.03 -0.15 -0.16 +0.64 +0.38 
+0.89 -0.48 -0.65 -0.43 +0.90 +0.65 -0.93 +0.19 +0.17 -0.35 -0.85 +0.32 +0.08 -0.93 -0.35 +0.93 -0.58 -0.42 -0.16 -0.43 +0.15 
+0.96 +0.73 +0.02 -0.98 +0.61 -0.71 -0.33 +0.45 +0.13 +0.05 +0.19 +0.42 -0.45 +0.67 +0.82 -0.64 +0.33 +0.05 +0.76 -0.31 +0.89 
+0.04 -0.56 +0.28 +0.67 +0.74 -0.95 -0.87 -0.95 +0.39 +0.41 +0.20 -0.62 -0.31 +0.22 -0.31 -0.90 -0.34 +0.86 +0.11 -0.88 -0.85 
-0.45 -0.77 +0.12 +0.83 -0.29 +0.76 +0.83 -0.98 +0.75 -0.96 -0.66 -0.45 +0.69 -0.24 +0.85 +0.83 -0.39 -0.89 -0.13 +0.98 -0.58 
+1.00 -0.24 -0.18 +0.73 -0.67 +0.22 +0.70 +0.26 -0.76 -0.61 -0.68 -0.82 +0.35 -0.25 +0.42 +1.00 +0.52 -0.12 +0.93 -0.04 +0.30 
+0.68 +0.38 -0.58 -0.18 +0.78 -0.23 -0.52 +0.29 +0.79 +0.69 +0.14 -0.98 -0.50 +0.46 -0.55 -0.04 +0.29 -0.55 +0.85 +0.06 -0.11 
+0.69 -0.73 -0.71 +0.11 +0.04 -0.06 +0.25 +0.11 -0.26 +0.86 +0.97 -0.08 -0.26 +0.77 +0.18 +0.18 -0.60 +0.48 +0.55 +0.73 +0.60 
-0.92 +0.74 +0.16 +0.20 -0.53 +0.99 +0.79 +0.70 +0.08 -0.52 +0.79 -0.26 -0.36 -0.96 -0.48 +0.18 -0.70 +0.48 +0.15 +0.20 -0.37 
-0.77 -0.87 +0.89 -0.44 +0.33 -0.07 -0.90 +0.41 +0.55 +0.31 +0.58 +1.00 +0.19 +0.11 +0.52 +0.56 -0.91 +0.26 +0.91 +0.41 +0.50 
+0.21 +0.53 +0.51 -0.51 +0.43 -0.02 -0.32 +0.28 +0.91 +0.06 -0.07 -0.18 +0.04 
-0.78 +0.66 +0.72 -0.41 +0.78 +1.00 +0.16 -0.58 +0.54 -0.39 -0.17 -0.26 +0.60 
+0.16 +0.58 -0.43 -0.25 +0.51 -0.05 -0.05 +0.15 +0.00 -0.09 -0.20 -0.23 -0.85 
-0.47 -0.10 +0.04 -0.08 -0.19 +0.82 +0.89 +0.04 -0.21 +0.10 +0.55 -0.67 +0.38 
-0.57 +0.70 +0.00 +0.80 -0.25 -0.46 +0.38 +0.62 -0.83 -0.27 -0.85 -0.30 -0.14 
-0.05 -0.34 -0.53 +0.46 -0.48 -0.30 -0.33 +0.98 -0.38 -0.23 -0.68 -0.46 +0.56 
+0.26 -0.77 -0.03 -0.44 +0.34 -0.18 +0.98 -0.26 +0.82 -0.92 -0.46 +0.91 -0.90 
-0.88 +0.07 -0.29 +0.15 -0.03 -0.34 +0.09 +0.37 -0.60 +0.91 -0.20 +0.68 -0.75 
-0.15 +0.21 +0.99 -0.12 -0.59 -0.21 -0.28 +0.32 +0.65 +0.70 -0.97 -0.79 +0.52 
-0.34 +0.75 -0.77 -0.93 -0.40 -0.67 -0.27 -0.18 +0.58 -0.69 -0.12 -0.96 +0.92 
-0.98 -0.04 +0.76 +0.75 +0.21 +0.59 +0.03 -0.13 -0.99 +0.02 +0.46 +0.60 +0.72 
+0.82 +0.87 +0.44 -0.65 -0.22 +0.84 +0.87 -0.58 -0.25 +0.70 -0.12 -0.47 +0.10 
+0.37 +0.41 -0.90 +0.34 +0.66 -0.04 -0.89 -0.53 +0.96 -0.07 +0.61 +0.49 +0.86 
+0.20 +0.43 -0.87 -0.51 +0.94 -0.07 -0.83 +0.56 +0.64 +0.24 +0.92 -0.30 -0.15 
+0.84 +0.45 +0.55 +0.84 +0.22 -0.03 -0.46 +0.47 +0.83 -0.41 -0.94 +0.17 +0.65 
+0.85 +0.35 +0.71 +0.93 +0.23 -0.68 +0.23 +0.26 -0.01 -0.84 +0.80 +0.04 +0.49 
+0.04 +0.81 -0.97 +0.21 +0.22 -0.44 +0.34 -0.11 +0.45 +0.45 +0.90 -0.08 -1.00 
+0.23 -0.91 +0.96 -0.16 -0.31 +0.55 -0.95 +0.50 -0.63 -0.15 +0.21 +0.55 +0.45 
+0.29 -0.18 -0.06 +0.77 +0.91 -0.73 +0.62 -0.27 +0.70 +0.76 +0.94 -0.98 +0.85 
-0.78 -0.58 -0.45 -0.76 -0.73 -0.38 +0.47 +0.98 -0.60 -0.59 +0.64 -0.35 -0.84 
+0.14 +0.85 +0.65 -0.40 -0.61 +0.71 +0.22 -0.08 -0.87 +0.68 +0.27 -0.73 -0.24 
-0.90 +0.99 -0.60 -0.92 -0.40 -0.70 +0.99 +0.64 
+0.34 +0.99 -0.50 +0.60 -0.42 -0.96 +0.32 -0.44 
-0.50 +0.32 +0.52 +0.17 -0.25 -0.11 +0.81 +0.65 
+0.97 -0.19 +0.65 -0.30 +0.85 -0.98 +0.74 +0.44 
-0.37 +0.07 +0.49 -0.96 +0.02 +0.35 -0.23 +0.48 
+0.08 +0.37 -0.95 +0.33 +0.37 -0.37 -0.35 +0.58 
+0.78 +0.73 +0.54 +0.93 +0.69 -0.91 -0.88 -0.68 
+0.24 -0.42 -0.80 -0.30 +1.00 -0.66 -0.12 +0.41 
-0.08 -0.79 -0.31 -0.61 -0.24 -0.02 -0.98 -0.77 
+0.80 +0.18 +0.34 -0.60 +0.14 -0.69 -0.20 -0.83 
+0.67 -0.92 -0.49 +0.76 +0.16 +0.33 -0.10 +0.23 
-0.32 -0.11 +0.76 +0.89 +0.24 -0.97 -0.79 +0.16 
-0.33 +0.25 +0.23 +0.26 +0.47 +0.61 +0.75 -0.19 
+0.83 -0.01 +0.76 +0.19 
-0.03 +0.31 -0.49 +0.45 
-0.09 +0.42 -0.67 +0.46 
+0.94 -0.11 -0.56 -0.24 
-0.79 -0.85 +0.92 -0.34 
+0.35 +0.35 +0.68 +0.25 
-0.28 +0.80 +0.49 -0.17 
-0.11 +0.57 -0.18 +0.01 
Biases : 
-0.10 +0.29 -0.63 -0.87 +0.32 -0.29 +0.51 -0.11 +0.75 +0.37 -0.38 -0.02 +0.10 +0.72 +0.91 -0.11 +0.04 -0.34 -0.83 -0.35 +0.08 
+0.63 -0.64 -0.28 +0.59 +0.06 -0.68 -0.52 -0.64 +0.86 +0.08 -0.90 -0.01 +0.63 
-0.92 -0.99 -0.57 +0.22 -0.59 -0.54 -0.69 +0.46 
+0.32 -0.72 -0.97 +0.75 
