Node Count : 
24 13 8 13 4 
Weights : 
+0.41 +0.97 +0.79 -0.59 -0.58 +0.54 +0.56 -0.98 +0.27 -0.25 +0.21 +0.68 -0.11 
+0.05 +0.70 +0.02 +0.79 -0.39 -0.66 -0.72 +0.73 -0.61 -0.98 +0.10 +0.61 -0.13 
+0.04 +0.54 +0.36 -0.26 +0.19 +0.86 +0.65 +0.70 +0.33 +0.97 +0.48 +0.68 +0.22 
+0.58 +0.78 +0.98 -0.31 +0.29 +0.83 -0.01 -0.64 -0.85 -0.54 +0.93 +0.44 -0.44 
+0.41 -0.81 +0.83 +0.08 -0.60 +0.73 +0.79 +0.67 -0.48 +0.44 +0.94 -0.37 -0.99 
-0.73 +0.05 +0.14 -0.65 +0.71 +0.34 -0.42 -0.30 +0.96 +0.43 +0.13 +0.72 -0.19 
-0.11 -0.23 -0.66 -0.26 -0.42 +0.45 -0.76 +0.64 +0.16 +0.26 -0.54 -0.43 +0.97 
+0.03 +0.15 +0.67 +0.45 +0.44 +0.36 -0.74 +0.08 +0.64 +0.41 +0.07 -0.57 +0.36 
+0.71 +0.69 +0.15 +0.06 -0.48 +0.06 -0.24 -0.77 -0.28 +0.66 -0.06 +0.91 -0.38 
-0.81 +0.05 -0.13 -0.29 +0.45 +0.37 -0.10 +0.69 +0.71 +0.92 -0.98 +0.84 -0.02 
-0.23 -0.96 -0.08 -0.04 -0.03 -0.48 +0.95 +0.90 +0.75 -0.43 -0.25 -0.47 -0.88 
+0.18 +0.95 +0.07 +0.21 +0.71 +0.96 -0.52 -0.72 +0.47 +0.41 -0.76 +0.28 +0.68 
+0.78 +0.22 +0.76 +0.91 +0.54 +0.49 -0.90 -0.60 -0.45 -0.25 -0.32 -0.89 +0.68 
+0.48 -0.91 -0.42 +0.34 +0.41 -0.35 -0.20 -0.03 -0.78 +0.06 -0.57 -0.31 +0.92 
+0.56 +0.05 -0.18 -0.40 +1.00 -0.52 +0.05 -0.05 -0.99 -0.82 +0.12 +0.03 -0.87 
+0.49 +0.07 -0.94 -0.13 -0.99 +0.72 +0.43 +0.23 -0.66 -0.48 +0.32 +0.92 +0.98 
+0.78 -0.72 +0.75 -0.33 -0.06 -0.34 -0.44 -0.78 -0.84 +0.31 -0.84 +1.00 +0.68 
+0.19 -0.63 +0.88 -0.13 -0.86 +0.68 +0.42 -0.69 -0.57 +0.47 -0.13 +0.81 +0.83 
-0.30 +0.20 -0.72 +0.33 +0.38 -0.58 -0.34 -0.57 -0.61 -0.06 +0.54 +0.29 -0.49 
+0.17 -0.57 -0.09 +0.58 +0.69 +0.08 -0.18 -0.63 +0.25 +0.91 -0.89 -0.33 -1.00 
+0.67 -0.72 +0.38 +0.82 -0.59 -0.17 +0.39 +0.38 +0.37 -0.52 +0.33 -0.27 +0.76 
-0.78 +0.83 -0.24 +0.60 +0.38 -0.69 -0.57 +0.75 +0.77 -0.97 -0.58 -0.18 -0.45 
-0.27 +0.72 +0.32 -0.64 -0.21 +0.44 +0.57 +1.00 +0.71 +0.40 +0.04 -0.48 +0.65 
-0.31 +0.51 -0.79 -0.23 +0.00 +0.56 -0.96 +0.80 -0.43 -0.15 -0.98 -0.87 +0.56 
-0.25 -0.33 -0.30 +0.06 -0.35 +0.51 +0.47 -0.44 
-0.27 -0.47 -0.12 -0.15 +0.79 +0.56 -0.85 +0.00 
-0.21 -0.42 -0.78 -0.69 -1.00 -0.27 +0.81 +0.28 
+0.65 +0.38 -0.16 +0.01 +0.69 -0.42 -0.97 -0.58 
+0.93 -0.13 -0.52 +0.49 +0.58 +0.77 -0.24 +0.01 
+0.71 -0.36 -0.20 +0.57 +0.74 +0.29 -0.24 -0.12 
+0.27 -0.76 -0.88 +0.29 +0.36 -0.69 +0.65 +0.35 
-0.03 +0.72 -0.01 +0.78 +0.97 -0.40 +0.45 -0.70 
+0.13 +0.67 -0.60 -0.15 +0.54 +0.68 -0.66 -0.09 
-0.94 -0.70 -0.08 +0.28 -0.68 +0.97 -0.85 -0.71 
+0.71 +0.57 -0.52 -0.91 +0.22 -0.47 +0.24 +0.78 
+0.10 -0.65 +0.44 -0.87 +0.14 +0.24 +0.53 +0.33 
-0.27 -0.47 -0.39 -0.10 -0.49 +0.60 -0.67 -0.68 
-0.76 -0.14 -0.14 +0.07 +0.44 +0.71 -0.04 +0.76 -0.11 +0.66 +0.49 -0.33 +0.64 
+0.96 -0.43 +0.92 +0.89 -0.65 +0.88 -0.82 +0.18 +0.62 +0.63 +0.17 +0.67 +0.03 
+0.20 +0.83 +0.55 +0.16 -0.09 +0.90 +0.59 -0.28 +0.27 +0.32 +0.61 +0.55 -0.77 
-0.91 -0.23 -0.80 +0.45 -0.83 +0.09 -0.91 +0.46 +0.15 +0.24 +0.50 -0.47 -0.45 
+0.22 +0.15 +0.00 +0.84 -0.91 -0.32 +0.71 +0.04 +0.55 -0.95 +0.73 +0.80 -0.04 
-0.52 +0.02 -0.64 +0.88 +0.72 -0.00 +0.85 +0.64 +0.31 +0.85 -0.81 +0.62 +0.81 
+0.84 +0.31 +0.63 -0.66 -0.71 +0.66 +0.18 -0.24 -0.22 +0.88 +0.16 -0.76 +0.62 
-0.22 +0.97 -0.26 -0.52 -0.50 +0.36 +0.29 +0.39 -0.39 +0.10 +0.10 -0.95 -0.07 
+0.31 -0.73 -0.77 -0.43 
+0.48 -0.90 -0.78 -0.25 
+0.37 +0.02 -0.29 +0.63 
-0.13 -0.14 -0.60 -0.52 
-0.48 +0.93 +0.52 +0.49 
-0.44 +0.89 -0.32 +0.04 
+0.12 -0.42 -0.89 +0.08 
+0.74 +0.22 -0.44 -0.38 
+0.80 -0.41 -0.08 -0.31 
-0.16 -0.90 +0.57 +0.30 
+0.36 -0.53 -0.23 +0.78 
-0.25 -0.06 -0.93 +0.39 
+0.68 -0.06 +0.08 +0.03 
Biases : 
+0.35 -0.34 -0.20 +0.60 -0.00 -0.02 -0.01 +0.05 +0.53 +0.28 -0.06 +0.27 +0.36 
+0.64 +0.15 -0.23 -0.84 -0.88 +0.82 +0.66 -0.29 
-0.24 +0.41 +0.92 -0.15 -0.28 -0.51 -0.51 +0.25 -0.80 -0.28 +0.12 +0.69 -0.16 
-0.29 +0.73 -0.56 -0.11 
